-20.8807
72.8007
16.1465
20.7538
24.0889
-70.6268
12.4317
52.3518
-37.2701
-58.6717
16.2042
18.6320
-8.4458
-18.8147
-56.1923
95.3916
1.6022
-55.4584
-37.7790
50.7664
75.9730
52.8648
-26.2251
-36.5570
8.3765
63.0973
48.2500
29.4413
-7.8852
50.6735
3.9655
46.4629
-64.1142
-105.5804
-50.4628
-40.3219
44.5601
-19.0611
-50.2912
-34.6333
22.2255
44.8930
22.1200
-62.6010
-56.2978
-15.0245
52.7010
59.2833
13.5062
-78.0012
5.0574
10.0621
145.3908
111.2122
67.2891
-0.8275
11.1647
106.4194
52.1074
-1.5181
8.0241
40.8906
49.7363
-5.2199
13.1908
-15.6087
-40.1852
24.9097
39.6143
28.5091
6.0211
-65.4304
23.2543
65.6341
16.9875
-81.9474
-66.2974
-18.0598
15.5822
84.4278
60.8295
-48.0844
34.1287
56.7982
111.6477
91.2410
-7.3726
-28.8210
57.3339
46.0790
-12.7563
-78.7115
2.6471
-81.5044
3.0775
9.3903
-1.5734
5.3206
25.5431
50.8469
17.8825
-77.8755
-106.0494
-41.8248
66.3010
31.7950
-83.9756
-102.7133
2.6445
59.2322
49.1471
2.4629
-19.5942
28.6071
88.1419
59.1318
23.3944
-30.8656
46.7975
-2.6363
1.5966
-23.9738
-68.3049
-73.2276
21.2951
-15.9260
50.1761
-18.1472
-16.0693
56.9161
28.9657
-5.9382
-102.4705
-120.3513
-18.5008
68.1707
53.5128
-83.3333
-53.5620
-5.7331
4.1234
133.9716
48.8516
34.5001
5.8044
15.9054
63.4985
55.7855
12.7530
4.5699
41.7986
41.7134
-35.4854
-31.8696
44.2677
21.8733
26.8809
18.9891
12.7873
-31.2522
-48.8116
39.0970
57.2778
34.2991
-41.4317
-82.2038
