-1188
-1164
-1140
-1116
-1092
-1068
-1044
-1020
-1008
-996
-972
-960
-948
-936
-924
-912
-888
-876
-864
-852
-840
-828
-816
-804
-792
-780
-768
-756
-744
-732
-720
-708
-696
-684
-672
-660
-648
-636
-624
-612
-600
-588
-576
-564
-552
-540
-528
-516
-504
-492
-480
-468
-456
-444
-432
-420
-408
-396
-384
-372
-360
-348
-336
-324
-312
-300
-288
-276
-264
-252
-240
-228
-216
-204
-192
-180
-168
-156
-144
-132
-120
-108
-96
-84
-72
-60
-48
-36
-24
-12
0
12
24
36
48
60
72
84
96
108
120
132
144
156
168
180
192
204
216
228
240
264
276
288
300
312
324
336
348
360
372
384
396
408
420
432
444
456
468
480
492
504
516
528
540
552
564
576
588
600
612
624
636
648
660
672
684
696
708
720
732
744
756
768
780
792
804
816
828
840
852
864
876
888
900
912
924
